9.618283803007216193e+00
1.097055586305941688e-01
5.748737533758685458e-02
3.534001223806626513e-02
2.394240230751165655e-02
2.103854897939072544e-02
1.980411329702747025e-02
1.703317257943126606e-02
1.729416604746347730e-02
1.508733772953974039e-02
1.280731444893490334e-02
1.089311244307111792e-02
1.035581153595188653e-02
9.061937926375662755e-03
9.388985866721100138e-03
7.384927417369624436e-03
6.712179572410548190e-03
5.624569189386363632e-03
7.250216783438290236e-03
5.756514158175463081e-03
5.070296981166677597e-03
6.595025319100500383e-03
5.408786285350686285e-03
4.665100042657854829e-03
4.991604364860346976e-03
5.488681608157186531e-03
5.100774937483620874e-03
4.350495606802340376e-03
4.194942468554341275e-03
3.530081420750619259e-03
5.274988043048711717e-03
3.594878311193649978e-03
3.170573843916502099e-03
3.292010707975245865e-03
4.555043112040746411e-03
3.375490801704350563e-03
4.504644364627052866e-03
3.286460335145513501e-03
2.822840215649158324e-03
4.794150921384241100e-03
4.001347878638483735e-02
1.429285832756477248e-02
5.417049706608167980e-03
4.990886768041491450e-03
3.955077577430188285e-03
1.172826550981653781e-02
3.383738795150748047e-03
3.652986528720703063e-03
4.819333550855731119e-03
3.117507561057664134e-03
4.418287575354895580e-03
9.051807287008273306e-03
3.411827491945018664e-03
6.573070718516760280e-03
4.431643460833356585e-03
3.566892188565873312e-03
5.946254631453484762e-03
2.573342726890359700e-03
5.720381782197136999e-03
5.573935600821755543e-03
6.436578388182567778e-03
9.155158886315462041e-03
4.854632310227202652e-03
3.171767738436415129e-03
3.272787721101622083e-03
5.794314527349797572e-03
7.480344895810731032e-03
3.071321904997148522e-03
4.103579139531632336e-03
2.154239144545044837e-03
8.162161575668847036e-03
3.943840765110451230e-03
4.680722023508110397e-03
4.081931337282185268e-03
7.387078555844084349e-03
4.011222666335356735e-03
1.266834836689412214e-02
3.856942924230111203e-03
3.182866174128662351e-03
4.720907356414727474e-03
1.184697059093764437e-02
3.533644787680145782e-03
1.041195699302477351e-02
3.953707436508580031e-03
4.590964984458878462e-03
6.297037605406785588e-03
5.210866962329419039e-03
4.116284486897825445e-03
3.577563721577803335e-03
5.249966453462207028e-03
1.773322705197699634e-02
1.863063981022605731e-02
4.625588166334182461e-03
3.848829529616182299e-03
9.713503700353953718e-03
7.563119560472841840e-03
2.591907993220843309e-03
3.355192268941209477e-03
8.779372059862566857e-03
9.330892158544656922e-03
6.816527958193319137e-03
5.587488175297039561e-02
1.568321502452363347e-02
5.923474696373887127e-03
3.794394266165568297e-03
5.936563521942161969e-03
6.221972011545062742e-03
4.710042679860748649e-03
4.488675259878505130e-03
1.048779593611470773e-02
2.751535959149009614e-03
2.071942970988516208e-02
1.030675209568698847e-02
3.707811252951387360e-03
2.986087208327603548e-03
1.191316137932574293e-02
4.345678496534333135e-03
6.294409056039285133e-03
3.717522197177913768e-03
4.295806572869764750e-03
1.365865121603349053e-02
3.716295414471915137e-02
7.652442509282764149e-03
3.973312695762842850e-03
3.391117704808266353e-03
1.216734144777831261e-02
4.260727154800747485e-03
4.261349240081813150e-03
1.120133157678537827e-02
1.457542675802869780e-02
4.520596945894794771e-03
2.994990473666803155e-03
3.573932825119641166e-03
4.589814941013514726e-03
2.167724219721378631e-02
9.301342926534061917e-03
3.765739880464025191e-02
2.884679779015186796e-02
2.197626685119757894e-02
1.867204204285144442e-02
2.491162631611132383e-02
1.447852078064215675e-02
1.867548223953008346e-02
5.394246245657541294e-03
5.031471687487965028e-03
3.582051516559658921e-03
3.374690212950781643e-03
3.085418768634440312e-03
7.694885802344231251e-03
8.956182392807932047e-03
3.428953908283460805e-03
3.002428394616174501e-03
2.585762340508779289e-03
3.598682401786845730e-02
5.937222558577559539e-02
3.007813338081177790e-02
2.196041887827959727e-02
1.597488790127954417e-02
1.595952735237915476e-02
1.181801585491371043e-02
1.049076652785174701e-02
1.713552692064013172e-02
9.863789467800643251e-03
1.051746652652241210e-02
1.038620959968739044e-02
5.841934971613227390e-03
4.053110511833324381e-03
3.583872949334931945e-03
1.007049578231544729e-02
3.319003304483203465e-03
5.098368493179350480e-03
4.443234362227599377e-03
5.389390422202211539e-03
2.791687966612244054e-02
9.158923968755061651e-03
7.775192569397404441e-03
3.480633738547567191e-03
4.231460278859344726e-03
3.632445462784517076e-03
4.881220183136747437e-03
7.175635084607279168e-03
1.630437105495019523e-01
6.633779869298450649e-02
3.721616168968466809e-02
2.935356075431627687e-02
1.485428935370691761e-02
5.881464591709573142e-03
7.543777427258646640e-03
5.259531631537583962e-03
7.560923756912529825e-03
6.737551779792738671e-03
5.951746502631749536e-03
1.766456772654123597e-02
2.194683438085576199e-02
1.806421511054168150e-02
3.029614717809181457e-02
1.040881365440782247e-02
5.560300239039861481e-03
3.582752913899867053e-03
1.507762246606603185e-02
