6.950787541543832049e+00
4.731175623455783352e-01
3.639150660837913165e-01
3.086868983455133275e-01
3.507301082290723571e-01
2.283409123538149288e-01
2.072847764452490082e-01
2.296653378343762597e-01
2.467188671605526906e-01
3.115340720573840372e-01
1.939988679778252845e-01
1.866920926338480058e-01
1.744585426311004994e-01
1.600082286013275734e-01
1.808883352221073437e-01
2.722449520310874505e-01
1.512668699547248252e-01
1.413328414032548608e-01
1.695733680412558897e-01
1.996784007305905106e-01
1.420751701325571048e-01
1.454199190575309331e-01
1.443374708828741859e-01
1.596897415201965487e-01
1.667319902535382425e-01
1.697790500411429093e-01
1.474628406967894989e-01
1.431477412888852996e-01
1.890298521761906159e-01
1.401207710532617057e-01
1.305574502707713691e-01
1.114693276381331088e-01
1.688266789537919976e-01
1.387034157314701588e-01
1.498964732381864451e-01
1.511887964843481313e-01
1.349830861909140367e-01
1.222465363352966961e-01
1.388883976405850262e-01
1.142943426061719947e-01
1.276088489048561314e-01
1.555847841914328455e-01
1.277537313164884836e-01
1.116538422929806984e-01
1.288050105249567423e-01
1.283399570281744673e-01
1.143253160653330269e-01
1.469577474872494349e-01
1.474926510718432837e-01
1.308440150787646417e-01
1.479114355506681022e-01
1.225388435891545669e-01
1.162864792622713139e-01
1.323899102835639496e-01
1.264574810793419601e-01
1.182673162675200729e-01
1.303193650205685117e-01
1.392434895849419263e-01
1.169240040435397532e-01
1.132448204778029321e-01
1.167333997682362678e-01
1.152312112344588968e-01
9.298052390818156709e-02
1.048242691949781147e-01
1.190846405443153344e-01
1.215705923700625135e-01
1.115075393126971903e-01
1.022026841767456062e-01
9.708063469042826910e-02
1.148701435440671048e-01
1.354061850988728111e-01
1.109530507569616020e-01
1.105739976205768471e-01
1.474474956312405993e-01
9.421777457646385301e-02
9.254352023481260403e-02
1.298229526466911921e-01
1.340765680338336097e-01
1.126365016621093673e-01
1.087141349321427697e-01
1.161512378525912936e-01
1.027469573380130896e-01
1.120458930306540424e-01
8.282039351820458251e-02
7.951294373242490110e-02
1.187444465988392039e-01
9.534914856521936599e-02
8.749153855728764029e-02
1.083588757292091032e-01
9.064312186114875658e-02
8.362814827160036657e-02
1.043841648270245059e-01
1.058334658778221637e-01
8.371828996791919053e-02
9.162068143064061587e-02
9.147371901190126664e-02
8.391381614501369768e-02
1.001381767118800781e-01
1.347926228545475169e-01
1.104101187834203301e-01
8.194897071325613069e-02
8.838819743482417834e-02
1.549877939451107522e-01
1.187783371324258042e-01
1.098139800005810685e-01
1.003650910915894201e-01
1.096396480634211912e-01
8.733736188150942326e-02
8.438856427892460488e-02
1.072977932353751385e-01
9.814204238409729442e-02
8.143093074977514334e-02
8.085591204076081340e-02
1.290902704263316991e-01
1.138734275350543612e-01
8.520819821933400817e-02
1.029980020471157331e-01
9.531904876371299906e-02
7.927933751898308401e-02
7.329035424208996119e-02
8.622102095137051947e-02
9.525388396400558122e-02
1.080633862702597980e-01
9.315929015110668843e-02
8.130631378708130796e-02
7.651453807852703903e-02
9.270813108605580055e-02
9.050016601941024419e-02
8.624499786355954711e-02
9.901416511047500535e-02
1.144943076881190791e-01
1.464684618799765303e-01
9.690411923088504409e-02
7.736319646210176870e-02
6.898051888492773287e-02
8.453522329000406899e-02
8.053625959337296081e-02
9.091123008602153277e-02
9.606755669665290043e-02
8.441046864618328982e-02
7.309886365055717761e-02
8.310418434894017992e-02
8.499698948935474618e-02
1.129872888418503862e-01
9.705712167169622262e-02
9.986749566724029137e-02
1.322933285036924644e-01
1.232338882127805846e-01
8.859182913374752388e-02
9.519792063019849593e-02
1.014915955934156955e-01
9.778884246702546079e-02
8.781152193068919587e-02
8.989725496735445631e-02
8.092460166699311230e-02
7.277748246178816771e-02
8.711614974936310318e-02
8.325513836553000147e-02
8.010137010955986625e-02
1.051967846451589139e-01
1.009236856725692633e-01
9.993196137747872854e-02
7.487592715460777981e-02
8.302435008340580680e-02
8.063081491627599462e-02
7.442740497924660303e-02
8.373175609585814527e-02
9.332322402588033583e-02
1.094603331475809682e-01
7.575333747945478535e-02
6.758108022972919571e-02
8.568013611284186481e-02
1.182794644992100075e-01
8.398340070334597840e-02
6.923092043621181801e-02
6.833526460764005606e-02
6.898522048095401260e-02
8.634104327893510344e-02
7.452834278046793770e-02
1.433241742279278697e-01
1.050471038597606821e-01
8.276801886927387386e-02
7.454244167661272513e-02
1.102726502926998364e-01
1.259156505027476669e-01
7.164823098787564959e-02
7.428022435692582803e-02
1.034476265663215599e-01
7.624056457382266672e-02
8.468540675812619156e-02
6.099002304728173840e-02
5.901131303494366875e-02
6.890257928807841381e-02
8.759158257885246712e-02
1.082359244455801672e-01
8.098515085930557689e-02
7.185698028342812904e-02
7.430499608358331898e-02
8.213279043684451608e-02
6.346930837355557742e-02
